,masa A,,,
t,x,y,θ,
0.000,-1.498,-2.639,-119.6
0.033,-2.000,-2.325,-130.7
0.067,-2.348,-2.019,-139.3
0.100,-2.617,-1.712,-146.8
0.133,-2.806,-1.417,-153.2
0.167,-2.933,-1.163,-158.4
0.200,-3.009,-0.964,-162.2
0.233,-3.006,-0.862,-164.0
0.267,-3.029,-0.783,-165.5
0.300,-3.037,-0.771,-165.8
0.333,-3.021,-0.819,-164.8
0.367,-2.976,-0.934,-162.6
0.400,-2.902,-1.105,-159.2
0.433,-2.758,-1.347,-154.0
0.467,-2.607,-1.600,-148.5
0.500,-2.410,-1.879,-142.1
0.533,-2.099,-2.210,-133.5
0.567,-1.748,-2.495,-125.0
0.600,-1.347,-2.731,-116.3
0.633,-0.863,-2.913,-106.5
0.667,-0.341,-3.013,-96.5
0.700,0.220,-3.029,-85.8
0.733,0.719,-2.952,-76.3
0.767,1.220,-2.793,-66.4
0.800,1.675,-2.563,-56.8
0.833,2.061,-2.295,-48.1
0.867,2.401,-1.989,-39.6
0.900,2.665,-1.680,-32.2
0.933,2.807,-1.390,-26.3
0.967,2.944,-1.135,-21.1
1.000,3.029,-0.931,-17.1
1.033,3.068,-0.804,-14.7
1.067,3.088,-0.758,-13.8
1.100,3.097,-0.738,-13.4
1.133,3.073,-0.791,-14.4
1.167,3.027,-0.913,-16.8
1.200,2.989,-1.068,-19.7
1.233,2.865,-1.313,-24.6
1.267,2.682,-1.594,-30.7
1.300,2.438,-1.906,-38.0
1.333,2.068,-2.238,-47.3
1.367,1.659,-2.536,-56.8
1.400,1.173,-2.782,-67.1
1.433,0.592,-2.962,-78.7
1.467,9.608E-2,-2.991,-88.2
1.500,-0.522,-2.981,-99.9
1.533,-1.057,-2.844,-110.4
1.567,-1.540,-2.629,-120.4
1.600,-1.943,-2.365,-129.4
1.633,-2.274,-2.067,-137.7
1.666,-2.529,-1.772,-145.0
1.700,-2.708,-1.501,-151.0
1.733,-2.830,-1.268,-155.9
1.766,-2.910,-1.075,-159.7
1.800,-2.914,-0.970,-161.6
1.833,-2.934,-0.893,-163.1
1.866,-2.933,-0.889,-163.1
1.900,-2.912,-0.945,-162.0
1.933,-2.863,-1.062,-159.7
1.966,-2.791,-1.228,-156.2
2.000,-2.672,-1.448,-151.5
2.033,-2.508,-1.704,-145.8
2.066,-2.295,-1.971,-139.4
2.100,-2.019,-2.247,-131.9
2.133,-1.628,-2.543,-122.6
2.166,-1.217,-2.762,-113.8
2.200,-0.757,-2.921,-104.5
2.233,-0.238,-3.002,-94.5
2.266,0.298,-3.010,-84.3
2.300,0.801,-2.924,-74.7
2.333,1.275,-2.761,-65.2
2.366,1.723,-2.528,-55.7
2.400,2.110,-2.253,-46.9
2.433,2.432,-1.947,-38.7
2.466,2.683,-1.646,-31.5
2.500,2.871,-1.358,-25.3
2.533,3.001,-1.117,-20.4
2.566,3.076,-0.909,-16.5
2.600,3.067,-0.838,-15.3
2.633,3.089,-0.766,-13.9
2.666,3.090,-0.763,-13.9
2.700,3.066,-0.832,-15.2
2.733,2.999,-0.976,-18.0
2.766,2.949,-1.141,-21.2
2.800,2.801,-1.397,-26.5
2.833,2.535,-1.748,-34.6
2.866,2.249,-2.057,-42.4
2.900,1.914,-2.359,-50.9
2.933,1.479,-2.639,-60.7
2.966,0.974,-2.859,-71.2
3.000,0.412,-2.994,-82.2
3.033,-0.133,-3.023,-92.5
3.066,-0.619,-2.968,-101.8
3.100,-1.160,-2.803,-112.5
3.133,-1.605,-2.582,-121.9
3.166,-1.979,-2.317,-130.5
3.200,-2.279,-2.034,-138.2
3.233,-2.505,-1.753,-145.0
3.266,-2.665,-1.494,-150.7
3.300,-2.769,-1.285,-155.1
3.333,-2.836,-1.123,-158.4
3.366,-2.808,-1.038,-159.7
3.400,-2.817,-0.990,-160.6
3.433,-2.810,-1.001,-160.4
3.466,-2.782,-1.075,-158.9
3.500,-2.730,-1.202,-156.2
3.533,-2.647,-1.375,-152.6
3.566,-2.525,-1.587,-147.8
3.600,-2.342,-1.873,-141.4
3.633,-2.116,-2.131,-134.8
3.666,-1.828,-2.395,-127.4
3.700,-1.479,-2.626,-119.4
3.733,-1.009,-2.838,-109.6
3.766,-0.522,-2.974,-100.0
3.800,-3.390E-2,-2.983,-90.7
3.833,0.448,-2.962,-81.4
3.866,0.944,-2.854,-71.7
3.900,1.406,-2.665,-62.2
3.933,1.825,-2.425,-53.0
3.966,2.193,-2.140,-44.3
4.000,2.491,-1.842,-36.5
4.033,2.731,-1.545,-29.5
4.066,2.885,-1.280,-23.9
4.100,2.957,-1.104,-20.5
4.133,3.039,-0.931,-17.0
4.166,3.067,-0.851,-15.5
4.200,3.083,-0.810,-14.7
4.233,3.070,-0.837,-15.2
4.266,3.022,-0.939,-17.3
4.300,2.942,-1.106,-20.6
4.333,2.854,-1.303,-24.5
4.366,2.678,-1.571,-30.4
4.400,2.438,-1.872,-37.5
4.433,2.082,-2.218,-46.8
4.466,1.686,-2.516,-56.2
4.500,1.220,-2.763,-66.2
4.533,0.700,-2.938,-76.6
4.566,0.116,-3.023,-87.8
4.600,-0.375,-3.004,-97.1
4.633,-0.867,-2.900,-106.6
4.666,-1.335,-2.719,-116.1
4.700,-1.726,-2.489,-124.7
4.733,-2.048,-2.227,-132.6
4.766,-2.301,-1.954,-139.7
4.800,-2.487,-1.671,-146.1
4.833,-2.614,-1.447,-151.0
4.866,-2.698,-1.267,-154.8
4.900,-2.709,-1.167,-156.7
4.933,-2.732,-1.089,-158.3
4.966,-2.736,-1.071,-158.6
4.999,-2.718,-1.112,-157.7
5.033,-2.677,-1.212,-155.6
5.066,-2.604,-1.362,-152.4
5.099,-2.502,-1.550,-148.2
5.133,-2.359,-1.771,-143.1
5.166,-2.164,-2.022,-136.9
5.199,-1.886,-2.293,-129.4
5.233,-1.568,-2.534,-121.7
5.266,-1.194,-2.748,-113.5
5.299,-0.752,-2.914,-104.5
5.333,-0.269,-3.005,-95.1
5.366,0.241,-3.012,-85.4
5.399,0.719,-2.936,-76.2
5.433,1.182,-2.786,-67.0
5.466,1.610,-2.553,-57.8
5.499,1.998,-2.291,-48.9
5.533,2.333,-2.002,-40.6
5.566,2.590,-1.707,-33.4
5.599,2.788,-1.431,-27.2
5.633,2.926,-1.192,-22.2
5.666,3.012,-0.999,-18.3
5.699,3.019,-0.944,-17.4
5.733,3.050,-0.877,-16.0
5.766,3.047,-0.878,-16.1
5.799,3.013,-0.951,-17.5
5.833,2.975,-1.076,-19.9
5.866,2.871,-1.272,-23.9
5.899,2.707,-1.526,-29.4
5.933,2.487,-1.809,-36.0
5.966,2.163,-2.145,-44.8
5.999,1.797,-2.435,-53.6
6.033,1.359,-2.697,-63.3
6.066,0.874,-2.891,-73.2
6.099,0.333,-3.007,-83.7
6.133,-0.184,-3.024,-93.5
6.166,-0.620,-2.968,-101.8
6.199,-1.133,-2.803,-112.0
6.233,-1.536,-2.597,-120.6
6.266,-1.869,-2.355,-128.4
6.299,-2.130,-2.099,-135.4
6.333,-2.332,-1.847,-141.6
6.366,-2.480,-1.620,-146.8
6.399,-2.580,-1.426,-151.1
6.433,-2.649,-1.280,-154.2
6.466,-2.636,-1.194,-155.6
6.499,-2.644,-1.162,-156.3
6.533,-2.633,-1.184,-155.8
6.566,-2.598,-1.261,-154.1
6.599,-2.538,-1.392,-151.3
6.633,-2.448,-1.563,-147.4
6.666,-2.321,-1.770,-142.7
6.699,-2.148,-2.001,-137.0
6.733,-1.866,-2.300,-129.0
6.766,-1.569,-2.533,-121.8
6.799,-1.227,-2.739,-114.1
6.833,-0.813,-2.905,-105.6
6.866,-0.362,-3.006,-96.9
6.899,0.160,-3.030,-87.0
6.933,0.601,-2.974,-78.6
6.966,1.053,-2.847,-69.7
6.999,1.492,-2.650,-60.6
7.033,1.896,-2.396,-51.6
7.066,2.238,-2.118,-43.4
7.099,2.468,-1.807,-36.2
7.133,2.684,-1.527,-29.6
7.166,2.838,-1.285,-24.4
7.199,2.937,-1.088,-20.3
7.233,2.979,-0.990,-18.4
7.266,3.012,-0.911,-16.8
7.299,3.019,-0.899,-16.6
7.333,2.989,-0.956,-17.7
7.366,2.920,-1.091,-20.5
7.399,2.817,-1.279,-24.4
7.433,2.700,-1.489,-28.9
7.466,2.484,-1.766,-35.4
7.499,2.209,-2.067,-43.1
7.533,1.853,-2.367,-51.9
7.566,1.381,-2.665,-62.6
7.599,0.910,-2.867,-72.4
7.633,0.390,-2.996,-82.6
7.666,-0.113,-3.025,-92.1
7.699,-0.600,-2.965,-101.4
7.733,-1.041,-2.826,-110.2
7.766,-1.436,-2.635,-118.6
7.799,-1.771,-2.405,-126.4
7.833,-2.038,-2.159,-133.4
7.866,-2.249,-1.907,-139.7
7.899,-2.400,-1.686,-144.9
7.933,-2.501,-1.502,-149.0
7.966,-2.517,-1.363,-151.6
7.999,-2.552,-1.270,-153.5
8.033,-2.569,-1.242,-154.2
8.066,-2.560,-1.256,-153.9
8.099,-2.530,-1.324,-152.4
8.133,-2.470,-1.442,-149.7
8.166,-2.386,-1.592,-146.3
8.199,-2.257,-1.794,-141.5
8.233,-2.090,-2.011,-136.1
8.266,-1.873,-2.246,-129.8
8.299,-1.600,-2.477,-122.9
8.332,-1.242,-2.715,-114.6
8.366,-0.860,-2.877,-106.6
8.399,-0.405,-2.989,-97.7
8.432,0.104,-3.026,-88.0
8.466,0.532,-2.981,-79.9
8.499,0.972,-2.865,-71.3
8.532,1.413,-2.680,-62.2
8.566,1.800,-2.447,-53.7
8.599,2.152,-2.175,-45.3
8.632,2.438,-1.880,-37.6
8.666,2.597,-1.635,-32.2
8.699,2.763,-1.383,-26.6
8.732,2.889,-1.177,-22.2
8.766,2.975,-1.025,-19.0
8.799,2.966,-0.977,-18.2
8.832,2.970,-0.960,-17.9
8.866,2.939,-1.012,-19.0
8.899,2.870,-1.144,-21.7
8.932,2.773,-1.322,-25.5
8.966,2.670,-1.530,-29.8
8.999,2.449,-1.805,-36.4
9.032,2.176,-2.093,-43.9
9.066,1.812,-2.395,-52.9
9.099,1.399,-2.655,-62.2
9.132,0.936,-2.860,-71.9
9.166,0.428,-2.989,-81.8
9.199,-7.680E-2,-3.027,-91.5
9.232,-0.548,-2.975,-100.4
9.266,-0.975,-2.850,-108.9
9.299,-1.368,-2.666,-117.2
9.332,-1.689,-2.447,-124.6
9.366,-1.952,-2.207,-131.5
9.399,-2.155,-1.973,-137.5
9.432,-2.307,-1.760,-142.7
9.466,-2.415,-1.573,-146.9
9.499,-2.486,-1.422,-150.2
9.532,-2.484,-1.356,-151.4
9.566,-2.508,-1.317,-152.3
9.599,-2.513,-1.335,-152.0
9.632,-2.495,-1.410,-150.5
9.666,-2.445,-1.529,-148.0
9.699,-2.366,-1.687,-144.5
9.732,-2.248,-1.878,-140.1
9.766,-2.084,-2.090,-134.9
9.799,-1.860,-2.318,-128.7
9.832,-1.585,-2.541,-121.9
9.866,-1.252,-2.739,-114.6
9.899,-0.860,-2.898,-106.5
9.932,-0.399,-2.997,-97.6
9.966,9.482E-2,-3.022,-88.2
9.999,0.520,-2.969,-80.1
10.032,0.957,-2.852,-71.4
10.066,1.407,-2.657,-62.1
10.099,1.809,-2.419,-53.2
10.132,2.149,-2.158,-45.1
10.166,2.433,-1.882,-37.7
10.199,2.634,-1.624,-31.7
10.232,2.796,-1.396,-26.5
10.266,2.903,-1.211,-22.7
10.299,2.930,-1.137,-21.2
10.332,2.968,-1.074,-19.9
10.366,2.969,-1.077,-19.9
10.399,2.927,-1.146,-21.4
10.432,2.848,-1.286,-24.3
10.466,2.762,-1.455,-27.8
10.499,2.603,-1.682,-32.9
10.532,2.388,-1.943,-39.1
10.566,2.099,-2.217,-46.6
10.599,1.711,-2.481,-55.4
10.632,1.289,-2.719,-64.6
10.666,0.825,-2.893,-74.1
10.699,0.319,-2.993,-83.9
10.732,-0.173,-3.013,-93.3
10.766,-0.620,-2.938,-101.9
10.799,-1.074,-2.797,-111.0
10.832,-1.466,-2.605,-119.4
10.866,-1.800,-2.383,-127.1
10.899,-2.080,-2.145,-134.1
10.932,-2.293,-1.912,-140.2
10.966,-2.454,-1.705,-145.2
10.999,-2.570,-1.530,-149.2
11.032,-2.657,-1.397,-152.3
11.066,-2.638,-1.361,-152.7
11.099,-2.659,-1.333,-153.4
11.132,-2.654,-1.359,-152.9
11.166,-2.622,-1.441,-151.2
11.199,-2.560,-1.565,-148.6
11.232,-2.465,-1.728,-145.0
11.266,-2.323,-1.933,-140.2
11.299,-2.124,-2.158,-134.6
11.332,-1.873,-2.383,-128.2
11.366,-1.564,-2.600,-121.0
11.399,-1.198,-2.790,-113.2
11.432,-0.778,-2.934,-104.9
11.466,-0.321,-3.014,-96.1
11.499,0.178,-3.022,-86.6
11.532,0.632,-2.956,-77.9
11.566,1.072,-2.828,-69.2
11.599,1.509,-2.634,-60.2
11.632,1.887,-2.406,-51.9
11.665,2.214,-2.147,-44.1
11.699,2.474,-1.890,-37.4
11.732,2.665,-1.652,-31.8
11.765,2.804,-1.445,-27.3
11.799,2.892,-1.285,-24.0
11.832,2.903,-1.224,-22.9
11.865,2.932,-1.182,-22.0
11.899,2.918,-1.201,-22.4
11.932,2.867,-1.282,-24.1
11.965,2.775,-1.428,-27.2
11.999,2.670,-1.601,-30.9
12.032,2.506,-1.818,-36.0
12.065,2.251,-2.086,-42.8
12.099,1.957,-2.341,-50.1
12.132,1.596,-2.584,-58.3
12.165,1.176,-2.789,-67.1
12.199,0.691,-2.946,-76.8
12.232,0.168,-3.020,-86.8
12.265,-0.297,-3.008,-95.6
12.299,-0.765,-2.923,-104.7
12.332,-1.209,-2.768,-113.6
12.365,-1.603,-2.567,-122.0
12.399,-1.934,-2.340,-129.6
12.432,-2.208,-2.104,-136.4
12.465,-2.422,-1.876,-142.2
12.499,-2.586,-1.670,-147.1
12.532,-2.699,-1.505,-150.9
12.565,-2.777,-1.381,-153.6
12.599,-2.771,-1.333,-154.3
12.632,-2.782,-1.323,-154.6
12.665,-2.767,-1.366,-153.7
12.699,-2.716,-1.465,-151.7
12.732,-2.632,-1.608,-148.6
12.765,-2.516,-1.786,-144.6
12.799,-2.343,-1.993,-139.6
12.832,-2.113,-2.222,-133.6
12.865,-1.814,-2.468,-126.3
12.899,-1.465,-2.675,-118.7
12.932,-1.067,-2.845,-110.6
12.965,-0.615,-2.966,-101.7
12.999,-0.143,-3.027,-92.7
13.032,0.350,-3.006,-83.4
13.065,0.807,-2.919,-74.5
13.099,1.242,-2.772,-65.9
13.132,1.561,-2.617,-59.2
13.165,1.905,-2.397,-51.5
13.199,2.171,-2.168,-45.0
13.232,2.385,-1.940,-39.1
13.265,2.610,-1.668,-32.6
13.299,2.733,-1.492,-28.6
13.332,2.815,-1.355,-25.7
13.365,2.815,-1.310,-25.0
13.399,2.821,-1.291,-24.6
13.432,2.797,-1.330,-25.4
13.465,2.728,-1.435,-27.7
13.499,2.635,-1.582,-31.0
13.532,2.526,-1.748,-34.7
13.565,2.340,-1.974,-40.1
13.599,2.093,-2.212,-46.6
13.632,1.780,-2.454,-54.0
13.665,1.381,-2.671,-62.7
13.699,0.936,-2.858,-71.9
13.732,0.455,-2.975,-81.3
13.765,-4.799E-2,-3.015,-90.9
13.799,-0.523,-2.977,-100.0
13.832,-0.982,-2.863,-108.9
13.865,-1.414,-2.689,-117.7
13.899,-1.794,-2.471,-126.0
13.932,-2.119,-2.236,-133.5
13.965,-2.382,-1.998,-140.0
13.999,-2.579,-1.775,-145.5
14.032,-2.722,-1.587,-149.8
14.065,-2.820,-1.438,-153.0
14.099,-2.838,-1.366,-154.3
14.132,-2.866,-1.322,-155.2
14.165,-2.862,-1.334,-155.0
14.199,-2.823,-1.406,-153.5
14.232,-2.745,-1.527,-150.9
14.265,-2.632,-1.688,-147.3
14.299,-2.492,-1.882,-142.9
14.332,-2.281,-2.105,-137.3
14.365,-2.003,-2.339,-130.6
14.399,-1.654,-2.556,-122.9
14.432,-1.272,-2.746,-114.9
14.465,-0.842,-2.901,-106.2
14.499,-0.394,-2.992,-97.5
14.532,0.140,-2.978,-87.3
14.565,0.582,-2.932,-78.8
14.599,1.022,-2.821,-70.1
14.632,1.417,-2.653,-61.9
14.665,1.764,-2.455,-54.3
14.699,2.065,-2.239,-47.3
14.732,2.317,-2.014,-41.0
14.765,2.494,-1.804,-35.9
14.799,2.611,-1.621,-31.8
14.832,2.700,-1.471,-28.6
14.865,2.693,-1.435,-28.1
14.899,2.711,-1.391,-27.2
14.932,2.700,-1.398,-27.4
14.965,2.659,-1.463,-28.8
14.998,2.578,-1.584,-31.6
15.032,2.488,-1.720,-34.7
15.065,2.331,-1.914,-39.4
15.098,2.121,-2.135,-45.2
15.132,1.859,-2.361,-51.8
15.165,1.528,-2.584,-59.4
15.198,1.133,-2.775,-67.8
15.232,0.692,-2.920,-76.7
15.265,0.191,-3.004,-86.4
15.298,-0.261,-2.994,-95.0
15.332,-0.752,-2.924,-104.4
15.365,-1.199,-2.779,-113.3
15.398,-1.602,-2.581,-121.8
15.432,-1.958,-2.349,-129.8
15.465,-2.264,-2.101,-137.1
15.498,-2.497,-1.865,-143.2
15.532,-2.669,-1.657,-148.2
