,masa A,,,
t,x,y,θ,
0.000,8.776,-43.73,-78.7
0.033,8.375,-43.79,-79.2
0.067,7.771,-43.90,-80.0
0.100,6.955,-44.05,-81.0
0.133,5.985,-44.19,-82.3
0.167,4.863,-44.30,-83.7
0.200,3.607,-44.41,-85.4
0.233,2.229,-44.50,-87.1
0.267,0.774,-44.55,-89.0
0.300,-0.658,-44.55,-90.8
0.333,-2.191,-44.51,-92.8
0.367,-3.648,-44.43,-94.7
0.400,-5.052,-44.31,-96.5
0.433,-6.331,-44.17,-98.2
0.467,-7.492,-44.03,-99.7
0.500,-8.494,-43.86,-101.0
0.533,-9.333,-43.73,-102.0
0.567,-9.991,-43.62,-102.9
0.600,-10.44,-43.53,-103.5
0.633,-10.68,-43.48,-103.8
0.667,-10.68,-43.47,-103.8
0.700,-10.50,-43.52,-103.6
0.733,-10.10,-43.63,-103.0
0.767,-9.494,-43.81,-102.2
0.800,-8.726,-43.86,-101.3
0.833,-7.762,-44.04,-100.0
0.867,-6.667,-44.20,-98.6
0.900,-5.437,-44.33,-97.0
0.933,-4.121,-44.45,-95.3
0.967,-2.726,-44.53,-93.5
1.000,-1.175,-44.57,-91.5
1.033,0.165,-44.59,-89.8
1.067,1.568,-44.54,-88.0
1.100,2.944,-44.46,-86.2
1.133,4.233,-44.36,-84.5
1.167,5.407,-44.22,-83.0
1.200,6.425,-44.08,-81.7
1.233,7.294,-43.95,-80.6
1.267,7.981,-43.83,-79.7
1.300,8.497,-43.73,-79.0
1.333,8.790,-43.67,-78.6
1.367,8.873,-43.65,-78.5
1.400,8.767,-43.68,-78.7
1.433,8.426,-43.75,-79.1
1.467,7.891,-43.86,-79.8
1.500,7.162,-43.99,-80.8
1.533,6.245,-44.13,-81.9
1.567,5.170,-44.28,-83.3
1.600,3.972,-44.41,-84.9
1.633,2.626,-44.52,-86.6
1.667,1.226,-44.60,-88.4
1.700,-0.210,-44.64,-90.3
1.733,-1.704,-44.60,-92.2
1.766,-3.177,-44.54,-94.1
1.800,-4.595,-44.44,-95.9
1.833,-5.909,-44.31,-97.6
1.866,-7.131,-44.18,-99.2
1.900,-8.209,-44.03,-100.6
1.933,-9.093,-43.88,-101.7
1.966,-9.791,-43.74,-102.6
2.000,-10.30,-43.63,-103.3
2.033,-10.60,-43.56,-103.7
2.066,-10.68,-43.54,-103.8
2.100,-10.56,-43.57,-103.6
2.133,-10.24,-43.64,-103.2
2.166,-9.731,-43.75,-102.5
2.200,-9.016,-43.88,-101.6
2.233,-8.127,-44.03,-100.5
2.266,-7.080,-44.19,-99.1
2.300,-5.896,-44.32,-97.6
2.333,-4.598,-44.44,-95.9
2.366,-3.226,-44.54,-94.1
2.400,-1.799,-44.60,-92.3
2.433,-0.346,-44.62,-90.4
2.466,1.083,-44.58,-88.6
2.500,2.445,-44.52,-86.9
2.533,3.762,-44.42,-85.2
2.566,4.972,-44.29,-83.6
2.600,6.055,-44.15,-82.2
2.633,6.971,-44.01,-81.0
2.666,7.730,-43.88,-80.0
2.700,8.306,-43.78,-79.3
2.733,8.676,-43.71,-78.8
2.766,8.838,-43.69,-78.6
2.800,8.813,-43.70,-78.6
2.833,8.527,-43.75,-79.0
2.866,8.053,-43.84,-79.6
2.900,7.394,-43.95,-80.5
2.933,6.536,-44.09,-81.6
2.966,5.522,-44.23,-82.9
3.000,4.372,-44.37,-84.4
3.033,3.062,-44.48,-86.1
3.066,1.697,-44.56,-87.8
3.100,0.253,-44.60,-89.7
3.133,-1.149,-44.62,-91.5
3.166,-2.672,-44.57,-93.4
3.200,-4.097,-44.49,-95.3
3.233,-5.435,-44.37,-97.0
3.266,-6.670,-44.23,-98.6
3.300,-7.787,-44.06,-100.0
3.333,-8.728,-43.91,-101.2
3.366,-9.485,-43.77,-102.2
3.400,-10.08,-43.65,-103.0
3.433,-10.47,-43.58,-103.5
3.466,-10.64,-43.54,-103.7
3.500,-10.62,-43.55,-103.7
3.533,-10.36,-43.61,-103.4
3.566,-9.907,-43.72,-102.8
3.600,-9.255,-43.85,-101.9
3.633,-8.423,-43.99,-100.8
3.666,-7.427,-44.15,-99.5
3.700,-6.291,-44.29,-98.1
3.733,-5.044,-44.42,-96.5
3.766,-3.698,-44.53,-94.7
3.800,-2.296,-44.61,-92.9
3.833,-0.823,-44.65,-91.1
3.866,0.569,-44.62,-89.3
3.900,1.958,-44.56,-87.5
3.933,3.303,-44.47,-85.8
3.966,4.540,-44.36,-84.2
4.000,5.664,-44.23,-82.7
4.033,6.636,-44.09,-81.4
4.066,7.444,-43.96,-80.4
4.100,8.082,-43.85,-79.6
4.133,8.527,-43.75,-79.0
4.166,8.764,-43.70,-78.7
4.200,8.783,-43.71,-78.6
4.233,8.596,-43.74,-78.9
4.266,8.210,-43.82,-79.4
4.300,7.618,-43.93,-80.2
4.333,6.847,-44.05,-81.2
4.366,5.902,-44.20,-82.4
4.400,4.797,-44.34,-83.8
4.433,3.555,-44.46,-85.4
4.466,2.208,-44.55,-87.2
4.500,0.805,-44.61,-89.0
4.533,-0.617,-44.65,-90.8
4.566,-2.106,-44.62,-92.7
4.600,-3.539,-44.54,-94.5
4.633,-4.904,-44.44,-96.3
4.666,-6.179,-44.29,-97.9
4.700,-7.329,-44.16,-99.4
4.733,-8.344,-43.99,-100.7
4.766,-9.172,-43.84,-101.8
4.800,-9.824,-43.72,-102.7
4.833,-10.27,-43.64,-103.2
4.866,-10.51,-43.58,-103.6
4.900,-10.52,-43.59,-103.6
4.933,-10.38,-43.62,-103.4
4.966,-9.993,-43.70,-102.9
5.000,-9.416,-43.81,-102.1
5.033,-8.659,-43.94,-101.1
5.066,-7.731,-44.10,-99.9
5.099,-6.653,-44.24,-98.6
5.133,-5.429,-44.39,-97.0
5.166,-4.122,-44.52,-95.3
5.199,-2.756,-44.60,-93.5
5.233,-1.334,-44.64,-91.7
5.266,8.513E-2,-44.66,-89.9
5.299,1.477,-44.62,-88.1
5.333,2.852,-44.54,-86.3
5.366,4.122,-44.43,-84.7
5.399,5.277,-44.29,-83.2
5.433,6.310,-44.15,-81.9
5.466,7.170,-44.03,-80.7
5.499,7.859,-43.89,-79.8
5.533,8.365,-43.80,-79.2
5.566,8.683,-43.73,-78.8
5.599,8.779,-43.72,-78.6
5.633,8.668,-43.74,-78.8
5.666,8.351,-43.80,-79.2
5.699,7.836,-43.90,-79.9
5.733,7.128,-44.03,-80.8
5.766,6.236,-44.16,-82.0
5.799,5.182,-44.30,-83.3
5.833,3.980,-44.43,-84.9
5.866,2.658,-44.53,-86.6
5.899,1.277,-44.60,-88.4
5.933,-0.141,-44.65,-90.2
5.966,-1.592,-44.64,-92.0
5.999,-3.078,-44.59,-93.9
6.033,-4.463,-44.49,-95.7
6.066,-5.761,-44.36,-97.4
6.099,-6.948,-44.22,-98.9
6.133,-8.009,-44.06,-100.3
6.166,-8.908,-43.92,-101.5
6.199,-9.601,-43.79,-102.4
6.233,-10.12,-43.68,-103.1
6.266,-10.43,-43.62,-103.4
6.299,-10.55,-43.60,-103.6
6.333,-10.45,-43.61,-103.5
6.366,-10.14,-43.68,-103.1
6.399,-9.638,-43.78,-102.4
6.433,-8.938,-43.91,-101.5
6.466,-8.067,-44.05,-100.4
6.499,-7.029,-44.20,-99.0
6.533,-5.853,-44.34,-97.5
6.566,-4.591,-44.46,-95.9
6.599,-3.236,-44.55,-94.2
6.633,-1.819,-44.61,-92.3
6.666,-0.395,-44.62,-90.5
6.699,1.025,-44.59,-88.7
6.733,2.362,-44.52,-87.0
6.766,3.659,-44.44,-85.3
6.799,4.859,-44.32,-83.7
6.833,5.933,-44.19,-82.4
6.866,6.854,-44.06,-81.2
6.899,7.610,-43.94,-80.2
6.933,8.193,-43.82,-79.4
6.966,8.566,-43.75,-78.9
6.999,8.746,-43.72,-78.7
7.033,8.731,-43.72,-78.7
7.066,8.477,-43.78,-79.0
7.099,8.019,-43.87,-79.6
7.133,7.368,-43.98,-80.5
7.166,6.529,-44.12,-81.6
7.199,5.529,-44.26,-82.9
7.233,4.392,-44.38,-84.3
7.266,3.134,-44.50,-86.0
7.299,1.758,-44.58,-87.7
7.333,0.341,-44.62,-89.6
7.366,-1.040,-44.64,-91.3
7.399,-2.554,-44.60,-93.3
7.433,-3.965,-44.52,-95.1
7.466,-5.292,-44.40,-96.8
7.499,-6.522,-44.26,-98.4
7.533,-7.617,-44.11,-99.8
7.566,-8.573,-43.96,-101.0
7.599,-9.351,-43.82,-102.0
7.633,-9.927,-43.72,-102.8
7.666,-10.30,-43.64,-103.3
7.699,-10.48,-43.62,-103.5
7.733,-10.46,-43.63,-103.5
7.766,-10.20,-43.68,-103.1
7.799,-9.766,-43.76,-102.6
7.833,-9.134,-43.88,-101.8
7.866,-8.328,-44.02,-100.7
7.899,-7.354,-44.16,-99.5
7.933,-6.243,-44.30,-98.0
7.966,-5.021,-44.42,-96.4
7.999,-3.700,-44.53,-94.7
8.033,-2.327,-44.61,-93.0
8.066,-0.875,-44.65,-91.1
8.099,0.503,-44.63,-89.4
8.133,1.878,-44.57,-87.6
8.166,3.202,-44.47,-85.9
8.199,4.433,-44.37,-84.3
8.233,5.550,-44.23,-82.8
8.266,6.512,-44.10,-81.6
8.299,7.331,-43.96,-80.5
8.333,7.969,-43.86,-79.7
8.366,8.396,-43.79,-79.1
8.399,8.634,-43.74,-78.8
8.432,8.669,-43.73,-78.8
8.466,8.505,-43.76,-79.0
8.499,8.123,-43.83,-79.5
8.532,7.540,-43.93,-80.3
8.566,6.784,-44.05,-81.2
8.599,5.839,-44.20,-82.5
8.632,4.747,-44.33,-83.9
8.666,3.521,-44.45,-85.5
8.699,2.179,-44.55,-87.2
8.732,0.779,-44.60,-89.0
8.766,-0.619,-44.63,-90.8
8.799,-2.090,-44.60,-92.7
8.832,-3.508,-44.52,-94.5
8.866,-4.854,-44.42,-96.2
8.899,-6.103,-44.29,-97.8
8.932,-7.261,-44.15,-99.3
8.966,-8.248,-44.00,-100.6
8.999,-9.074,-43.85,-101.7
9.032,-9.709,-43.74,-102.5
9.066,-10.16,-43.65,-103.1
9.099,-10.42,-43.61,-103.4
9.132,-10.43,-43.62,-103.5
9.166,-10.29,-43.65,-103.3
9.199,-9.915,-43.73,-102.8
9.232,-9.346,-43.84,-102.0
9.266,-8.601,-43.97,-101.1
9.299,-7.678,-44.13,-99.9
9.332,-6.621,-44.28,-98.5
9.366,-5.424,-44.41,-97.0
9.399,-4.135,-44.53,-95.3
9.432,-2.778,-44.61,-93.6
9.466,-1.399,-44.65,-91.8
9.499,3.247E-2,-44.67,-90.0
9.532,1.413,-44.62,-88.2
9.566,2.744,-44.54,-86.5
9.599,4.009,-44.44,-84.8
9.632,5.172,-44.32,-83.3
9.666,6.188,-44.19,-82.0
9.699,7.057,-44.04,-80.9
9.732,7.748,-43.94,-80.0
9.766,8.249,-43.83,-79.3
9.799,8.546,-43.77,-79.0
9.832,8.654,-43.76,-78.8
9.866,8.570,-43.78,-78.9
9.899,8.252,-43.84,-79.3
9.932,7.733,-43.93,-80.0
9.966,7.036,-44.04,-80.9
9.999,6.175,-44.17,-82.0
10.032,5.141,-44.29,-83.4
10.066,3.963,-44.43,-84.9
10.099,2.665,-44.52,-86.6
10.132,1.302,-44.59,-88.3
10.166,-8.003E-2,-44.63,-90.1
10.199,-1.534,-44.61,-92.0
10.232,-2.997,-44.54,-93.8
10.266,-4.387,-44.45,-95.6
10.299,-5.664,-44.32,-97.3
10.332,-6.855,-44.18,-98.8
10.366,-7.898,-44.03,-100.2
10.399,-8.778,-43.88,-101.3
10.432,-9.484,-43.76,-102.2
10.466,-10.01,-43.66,-102.9
10.499,-10.33,-43.61,-103.3
10.532,-10.41,-43.59,-103.4
10.566,-10.31,-43.59,-103.3
10.599,-10.000,-43.65,-102.9
10.632,-9.504,-43.75,-102.3
10.666,-8.832,-43.87,-101.4
10.699,-7.985,-44.01,-100.3
10.732,-6.983,-44.16,-99.0
10.766,-5.846,-44.30,-97.5
10.799,-4.588,-44.41,-95.9
10.832,-3.271,-44.51,-94.2
10.866,-1.896,-44.56,-92.4
10.899,-0.474,-44.59,-90.6
10.932,0.929,-44.56,-88.8
10.966,2.254,-44.49,-87.1
10.999,3.556,-44.39,-85.4
11.032,4.754,-44.28,-83.9
11.066,5.805,-44.14,-82.5
11.099,6.732,-44.02,-81.3
11.132,7.469,-43.89,-80.3
11.166,8.039,-43.79,-79.6
11.199,8.392,-43.73,-79.1
11.232,8.588,-43.70,-78.9
11.266,8.573,-43.71,-78.9
11.299,8.314,-43.76,-79.2
11.332,7.871,-43.83,-79.8
11.366,7.243,-43.95,-80.6
11.399,6.426,-44.08,-81.7
11.432,5.447,-44.21,-83.0
11.466,4.325,-44.35,-84.4
11.499,3.066,-44.45,-86.1
11.532,1.725,-44.53,-87.8
11.566,0.316,-44.58,-89.6
11.599,-1.047,-44.59,-91.3
11.632,-2.531,-44.55,-93.3
11.666,-3.931,-44.49,-95.0
11.699,-5.255,-44.38,-96.8
11.732,-6.473,-44.24,-98.3
11.765,-7.564,-44.09,-99.7
11.799,-8.493,-43.94,-100.9
11.832,-9.257,-43.81,-101.9
11.865,-9.827,-43.69,-102.7
11.899,-10.20,-43.62,-103.2
11.932,-10.38,-43.59,-103.4
11.965,-10.36,-43.59,-103.4
11.999,-10.12,-43.64,-103.1
12.032,-9.691,-43.73,-102.5
12.065,-9.078,-43.85,-101.7
12.099,-8.278,-43.98,-100.7
12.132,-7.334,-44.14,-99.4
12.165,-6.248,-44.28,-98.0
12.199,-5.028,-44.41,-96.5
12.232,-3.713,-44.52,-94.8
12.265,-2.343,-44.59,-93.0
12.299,-0.924,-44.60,-91.2
12.332,0.425,-44.58,-89.5
12.365,1.797,-44.54,-87.7
12.399,3.109,-44.45,-86.0
12.432,4.332,-44.35,-84.4
12.465,5.444,-44.22,-83.0
12.499,6.407,-44.09,-81.7
12.532,7.224,-43.96,-80.7
12.565,7.865,-43.86,-79.8
12.599,8.297,-43.78,-79.3
12.632,8.540,-43.74,-79.0
12.665,8.576,-43.73,-78.9
12.699,8.420,-43.75,-79.1
12.732,8.041,-43.82,-79.6
12.765,7.469,-43.92,-80.3
12.799,6.719,-44.04,-81.3
12.832,5.790,-44.17,-82.5
12.865,4.706,-44.30,-83.9
12.899,3.500,-44.42,-85.5
12.932,2.171,-44.51,-87.2
12.965,0.799,-44.57,-89.0
12.999,-0.578,-44.59,-90.7
13.032,-2.027,-44.56,-92.6
13.065,-3.434,-44.50,-94.4
13.099,-4.766,-44.40,-96.1
13.132,-6.007,-44.28,-97.7
13.165,-7.155,-44.15,-99.2
13.199,-8.131,-44.00,-100.5
13.232,-8.950,-43.85,-101.5
13.265,-9.597,-43.74,-102.4
13.299,-10.05,-43.65,-103.0
13.332,-10.32,-43.61,-103.3
13.365,-10.33,-43.62,-103.3
13.399,-10.20,-43.64,-103.2
13.432,-9.832,-43.72,-102.7
13.465,-9.274,-43.83,-101.9
13.499,-8.534,-43.96,-101.0
13.532,-7.628,-44.11,-99.8
13.565,-6.596,-44.25,-98.5
13.599,-5.413,-44.38,-97.0
13.632,-4.146,-44.50,-95.3
13.665,-2.798,-44.58,-93.6
13.699,-1.422,-44.62,-91.8
13.732,-1.889E-2,-44.62,-90.0
13.765,1.338,-44.57,-88.3
13.799,2.657,-44.48,-86.6
13.832,3.914,-44.37,-85.0
13.865,5.061,-44.26,-83.5
13.899,6.075,-44.12,-82.2
13.932,6.928,-43.99,-81.1
13.965,7.611,-43.88,-80.2
13.999,8.129,-43.79,-79.5
14.032,8.433,-43.73,-79.1
14.065,8.528,-43.71,-79.0
14.099,8.424,-43.73,-79.1
14.132,8.118,-43.79,-79.5
14.165,7.620,-43.89,-80.2
14.199,6.933,-44.00,-81.0
14.232,6.092,-44.13,-82.1
14.265,5.070,-44.25,-83.5
14.299,3.916,-44.38,-85.0
14.332,2.648,-44.48,-86.6
14.365,1.304,-44.54,-88.3
14.399,-8.486E-2,-44.58,-90.1
14.432,-1.514,-44.57,-91.9
14.465,-2.941,-44.53,-93.8
14.499,-4.300,-44.44,-95.5
14.532,-5.562,-44.31,-97.2
14.565,-6.742,-44.18,-98.7
14.599,-7.761,-44.04,-100.0
14.632,-8.635,-43.89,-101.1
14.665,-9.324,-43.77,-102.0
14.699,-9.845,-43.66,-102.7
14.732,-10.17,-43.61,-103.1
14.765,-10.28,-43.60,-103.3
14.799,-10.20,-43.62,-103.2
14.832,-9.897,-43.67,-102.8
14.865,-9.415,-43.76,-102.1
14.899,-8.751,-43.89,-101.3
14.932,-7.919,-44.02,-100.2
14.965,-6.929,-44.16,-98.9
14.999,-5.794,-44.29,-97.5
15.032,-4.556,-44.42,-95.9
15.065,-3.237,-44.52,-94.2
15.098,-1.860,-44.57,-92.4
15.132,-0.425,-44.58,-90.5
15.165,0.962,-44.56,-88.8
15.198,2.254,-44.50,-87.1
15.232,3.525,-44.39,-85.5
